167 92 92 92
167 92 92 167
42 60 60 42
53 152 152 53
42 60 60 60
62 176 176 62
47 25 25 47
47 25 25 25
100 78 78 100
80 169 169 80
182 99 99 182
80 169 169 169
112 109 109 112
112 109 109 109
43 91 91 43
142 155 155 142
105 193 193 105
43 91 91 91
14 65 65 14
14 65 65 65
132 134 134 132
51 107 107 51
165 174 174 165
51 107 107 107
135 19 19 19
135 19 19 135
143 121 121 143
69 89 89 69
66 186 186 66
143 121 121 121
103 151 151 151
103 151 151 103
120 52 52 120
20 199 199 20
185 55 55 185
120 52 52 52
61 168 168 168
61 168 168 61
196 17 17 196
190 8 8 190
1 48 48 1
190 8 8 8
198 122 122 122
198 122 122 198
30 39 39 30
183 173 173 183
98 163 163 98
183 173 173 173
82 125 125 125
82 125 125 82
166 12 12 166
63 29 29 63
166 12 12 12
114 102 102 114
131 35 35 131
131 35 35 35
187 117 117 187
41 184 184 41
187 117 117 117
94 83 83 94
74 46 46 46
74 46 46 74
129 72 72 129
6 171 171 6
6 171 171 171
21 170 170 21
7 154 154 154
7 154 154 7
123 141 141 123
57 59 59 57
123 141 141 141
177 44 44 177
137 111 111 111
137 111 111 137
106 159 159 106
87 90 90 87
106 159 159 159
138 28 28 138
194 195 195 194
194 195 195 195
157 67 67 157
93 200 200 93
148 197 197 148
93 200 200 200
31 164 164 164
31 164 164 31
179 37 37 179
9 32 32 9
147 33 33 147
9 32 32 32
73 11 11 11
73 11 11 73
70 24 24 70
113 178 178 113
70 24 24 24
75 10 10 75
188 108 108 108
188 108 108 188
45 27 27 45
96 136 136 96
