[97, 48] [48, 97]
[97, 48] [48, 48]
[145, 144] [144, 145]
[49, 193] [193, 49]
[49, 193] [193, 193]
[182, 16] [16, 182]
[26, 1] [1, 26]
[26, 1] [1, 1]
[23, 74] [74, 23]
[22, 159] [159, 22]
[22, 159] [159, 159]
[191, 96] [96, 191]
[165, 99] [99, 165]
[165, 99] [99, 99]
[90, 127] [127, 90]
[65, 123] [123, 65]
[65, 123] [123, 123]
[5, 70] [70, 5]
[94, 2] [2, 94]
[94, 2] [2, 2]
[50, 54] [54, 50]
[169, 89] [89, 169]
[169, 89] [89, 89]
[128, 141] [141, 128]
[40, 76] [76, 40]
[40, 76] [76, 76]
[72, 170] [170, 72]
[79, 186] [186, 79]
[79, 186] [186, 186]
[112, 21] [21, 112]
[179, 58] [58, 179]
[179, 58] [58, 58]
[108, 55] [55, 108]
[129, 24] [24, 129]
[129, 24] [24, 24]
[132, 82] [82, 132]
[124, 200] [200, 124]
[124, 200] [200, 200]
[56, 100] [100, 56]
[27, 53] [53, 27]
[27, 53] [53, 53]
[34, 93] [93, 34]
[162, 59] [59, 162]
[162, 59] [59, 59]
[44, 171] [171, 44]
[14, 101] [101, 14]
[14, 101] [101, 101]
[189, 172] [172, 189]
[25, 62] [62, 25]
[25, 62] [62, 62]
