97 48 48 48
97 48 48 97
145 144 144 145
49 193 193 49
49 193 193 193
182 16 16 182
26 1 1 26
26 1 1 1
22 159 159 22
23 74 74 23
191 96 96 191
22 159 159 159
165 99 99 99
165 99 99 165
65 123 123 65
90 127 127 90
65 123 123 123
5 70 70 5
94 2 2 94
94 2 2 2
50 54 54 50
169 89 89 169
128 141 141 128
169 89 89 89
40 76 76 40
40 76 76 76
79 186 186 79
72 170 170 72
79 186 186 186
112 21 21 112
179 58 58 179
179 58 58 58
129 24 24 129
108 55 55 108
129 24 24 24
132 82 82 132
124 200 200 200
124 200 200 124
56 100 100 56
27 53 53 27
34 93 93 34
27 53 53 53
162 59 59 59
162 59 59 162
44 171 171 44
14 101 101 14
189 172 172 189
14 101 101 101
25 62 62 62
25 62 62 25
