30 39 39 30
30 39 39 39
185 66 66 185
139 54 54 139
139 54 54 54
192 63 63 192
82 108 108 82
82 108 108 108
181 134 134 181
5 155 155 5
5 155 155 155
197 73 73 197
196 125 125 196
196 125 125 125
12 174 174 12
92 40 40 92
92 40 40 40
153 65 65 153
117 37 37 117
117 37 37 37
128 75 75 128
113 164 164 113
113 164 164 164
41 89 89 41
101 116 116 101
101 116 116 116
43 70 70 43
178 149 149 178
178 149 149 149
56 8 8 56
38 58 58 38
38 58 58 58
50 190 190 50
42 14 14 42
42 14 14 14
49 161 161 49
62 57 57 62
62 57 57 57
109 144 144 109
29 35 35 29
29 35 35 35
183 142 142 183
120 138 138 120
120 138 138 138
151 10 10 151
77 173 173 77
77 173 173 173
172 22 22 172
143 162 162 143
143 162 162 162
