56 8 8 56
151 10 10 151
42 14 14 42
42 14 14 14
172 22 22 172
29 35 35 29
29 35 35 35
117 37 37 117
117 37 37 37
30 39 39 30
30 39 39 39
92 40 40 92
92 40 40 40
139 54 54 139
139 54 54 54
62 57 57 62
62 57 57 57
38 58 58 38
38 58 58 58
192 63 63 192
153 65 65 153
185 66 66 185
43 70 70 43
197 73 73 197
128 75 75 128
41 89 89 41
82 108 108 82
82 108 108 108
101 116 116 101
101 116 116 116
196 125 125 196
196 125 125 125
181 134 134 181
120 138 138 120
120 138 138 138
183 142 142 183
109 144 144 109
178 149 149 178
178 149 149 149
5 155 155 5
5 155 155 155
49 161 161 49
143 162 162 143
143 162 162 162
113 164 164 113
113 164 164 164
77 173 173 77
77 173 173 173
12 174 174 12
50 190 190 50
