190 8 8 190
190 8 8 8
75 10 10 75
73 11 11 73
73 11 11 11
166 12 12 166
166 12 12 12
196 17 17 196
135 19 19 135
135 19 19 19
70 24 24 70
70 24 24 24
47 25 25 47
47 25 25 25
45 27 27 45
138 28 28 138
63 29 29 63
9 32 32 9
9 32 32 32
147 33 33 147
131 35 35 131
131 35 35 35
179 37 37 179
30 39 39 30
177 44 44 177
74 46 46 74
74 46 46 46
1 48 48 1
120 52 52 120
120 52 52 52
185 55 55 185
57 59 59 57
42 60 60 42
42 60 60 60
14 65 65 14
14 65 65 65
157 67 67 157
129 72 72 129
100 78 78 100
94 83 83 94
69 89 89 69
87 90 90 87
43 91 91 43
43 91 91 91
167 92 92 167
167 92 92 92
182 99 99 182
114 102 102 114
51 107 107 51
51 107 107 107
188 108 108 188
188 108 108 108
112 109 109 112
112 109 109 109
137 111 111 137
137 111 111 111
187 117 117 187
187 117 117 117
143 121 121 143
143 121 121 121
198 122 122 198
198 122 122 122
82 125 125 82
82 125 125 125
132 134 134 132
96 136 136 96
123 141 141 123
123 141 141 141
103 151 151 103
103 151 151 151
53 152 152 53
7 154 154 7
7 154 154 154
142 155 155 142
106 159 159 106
106 159 159 159
98 163 163 98
31 164 164 31
31 164 164 164
61 168 168 61
61 168 168 168
80 169 169 80
80 169 169 169
21 170 170 21
6 171 171 6
6 171 171 171
183 173 173 183
183 173 173 173
165 174 174 165
62 176 176 62
113 178 178 113
41 184 184 41
66 186 186 66
105 193 193 105
194 195 195 194
194 195 195 195
148 197 197 148
20 199 199 20
93 200 200 93
93 200 200 200
