43 128
43 43
98 131
101 90
101 101
32 122
195 167
146 107
20 106
175 30
7 73
72 113
198 23
11 28
63 120
26 25
189 81
125 151
149 88
4 159
78 157
66 118
61 192
38 64
196 163
13 6
140 15
87 169
132 123
148 2
1 156
112 86
185 153
24 124
200 40
34 83
177 80
193 134
182 108
36 3
31 59
147 46
49 60
150 17
197 158
39 53
100 168
21 135
71 51
102 44
119 199
56 186
116 180
41 8
165 178
117 176
133 99
37 114
194 126
27 183
105 70
84 136
89 35
85 48
104 65
164 121
91 143
160 47
141 142
55 79
184 137
29 82
50 69
67 5
115 92
188 45
109 97
145 170
10 22
58 166
171 103
173 154
18 52
172 162
155 161
139 130
94 191
96 42
138 187
9 111
75 16
174 190
110 14
33 152
93 68
179 74
77 57
127 144
19 54
76 95
