14 33
131 88
122 83
195 73
63 156
151 137
45 128
80 135
164 39
72 126
66 177
97 37
57 141
28 19
193 69
198 125
132 16
96 10
23 27
34 182
89 84
181 139
144 42
154 11
123 46
186 170
50 160
1 2
185 163
112 155
161 187
153 172
8 134
76 18
197 114
110 6
104 148
75 48
118 95
21 108
179 9
94 36
175 32
64 130
79 107
166 65
52 58
35 183
113 150
191 173
159 43
24 109
77 176
171 167
194 59
146 121
174 44
178 61
169 54
129 98
86 143
189 56
152 78
100 25
196 142
99 140
51 5
136 85
91 49
102 47
22 87
105 111
145 68
157 40
53 81
71 147
138 26
20 119
12 106
62 199
13 7
127 15
120 92
82 74
103 180
3 192
158 41
116 188
124 101
162 55
149 67
117 38
165 4
90 184
168 60
115 133
29 30
200 17
190 93
31 70
212 288
288 283
283 206
206 219
219 311
311 343
343 241
241 296
296 330
330 287
287 236
236 354
354 356
356 239
239 318
318 370
370 271
271 325
325 366
366 367
367 202
202 304
304 221
221 303
303 347
347 286
286 310
310 391
391 319
319 380
380 338
338 285
285 342
342 298
298 339
339 358
358 244
244 327
327 242
242 291
