21 58
94 178
131 93
189 198
70 16
118 174
1 192
109 117
77 47
3 179
126 82
125 11
114 36
35 193
129 49
40 90
51 28
128 108
121 153
146 20
160 48
134 17
55 39
143 127
27 95
24 187
151 148
159 50
26 116
53 120
72 115
69 136
183 45
65 64
184 80
162 142
135 156
59 42
43 106
34 52
123 155
38 83
165 96
169 85
167 73
9 56
57 105
18 25
144 66
140 177
75 113
185 145
152 112
81 97
199 71
196 175
100 86
180 63
32 44
122 98
99 7
171 10
31 4
194 191
6 33
111 8
188 14
138 60
170 137
119 67
68 107
173 149
61 200
101 141
37 84
190 88
197 92
19 182
54 130
41 186
22 163
12 79
104 78
172 30
74 166
102 13
89 76
87 139
2 91
157 147
195 164
158 29
176 15
161 62
5 133
110 124
168 181
132 46
150 23
154 103
