141 115
141 141
116 17
64 159
64 64
51 25
102 93
102 102
190 11
144 160
144 144
5 138
178 187
178 178
176 47
189 45
189 189
147 84
15 193
15 15
185 109
94 188
94 94
74 18
165 32
165 165
121 145
180 97
180 180
23 55
196 99
196 196
127 12
149 27
149 149
76 128
83 85
83 83
38 35
143 13
143 143
77 69
52 60
52 52
158 42
10 117
10 10
184 54
89 68
89 89
92 197
108 154
108 108
120 9
139 98
139 139
103 132
173 66
173 173
152 41
86 200
86 86
3 82
137 172
137 137
43 129
106 133
106 106
157 75
198 186
198 198
134 164
114 126
114 114
2 179
125 112
125 125
171 7
72 100
72 72
140 21
50 135
50 50
65 90
195 26
195 195
124 142
67 6
67 67
4 119
148 156
148 148
70 79
40 49
40 40
37 58
169 166
169 169
118 174
101 175
