105 37
105 105
6 156
65 177
65 65
21 166
108 31
108 108
35 101
179 183
179 179
24 99
128 141
128 128
113 133
172 185
172 172
144 160
53 145
53 53
196 125
100 122
167 152
23 85
151 70
7 135
10 140
14 139
119 79
199 118
136 175
47 91
89 134
26 87
120 193
94 198
2 66
43 155
174 163
9 73
181 150
106 188
107 190
195 130
3 44
173 78
71 170
127 97
197 104
17 42
95 60
92 52
45 68
153 56
69 117
38 75
11 137
112 129
58 8
90 124
187 96
16 126
77 86
81 33
57 194
41 103
142 131
88 132
1 180
51 4
109 189
149 67
48 161
147 20
18 84
157 148
192 50
29 36
40 176
72 5
111 171
39 82
76 34
46 154
49 15
164 200
110 22
27 165
102 25
93 168
162 184
62 64
63 191
169 98
115 55
182 28
143 54
59 146
178 74
80 123
