115 141
17 116
159 64
25 51
93 102
11 190
160 144
138 5
187 178
47 176
45 189
84 147
193 15
109 185
188 94
18 74
32 165
145 121
97 180
55 23
99 196
12 127
27 149
128 76
85 83
35 38
13 143
69 77
60 52
42 158
117 10
54 184
68 89
197 92
154 108
9 120
98 139
132 103
66 173
41 152
200 86
82 3
172 137
129 43
133 106
75 157
186 198
164 134
126 114
179 2
112 125
7 171
100 72
21 140
135 50
90 65
26 195
142 124
6 67
119 4
156 148
79 70
49 40
58 37
166 169
174 118
175 101
168 78
105 87
91 146
39 150
61 95
177 88
56 130
153 151
19 110
162 191
73 107
192 48
30 170
161 123
71 104
33 113
182 183
8 136
194 96
181 131
111 199
24 1
80 57
28 63
81 62
29 22
167 122
14 44
155 20
36 46
53 34
163 31
16 59
252 233
233 272
272 306
306 240
240 351
351 232
232 312
312 304
304 365
365 226
226 348
348 368
368 286
286 279
279 380
380 260
260 294
294 330
330 278
278 283
283 346
346 206
206 370
370 298
298 395
395 269
269 359
359 343
343 314
314 340
340 212
212 342
342 310
310 238
238 349
349 398
398 387
387 293
293 256
256 354
