106 96
167 159
67 109
25 169
83 47
180 77
7 39
37 156
157 197
191 52
134 20
99 198
130 94
168 50
86 26
95 166
13 68
175 19
194 51
72 29
122 102
34 187
71 142
84 138
75 128
132 82
58 200
178 114
23 89
127 107
101 1
125 64
30 145
176 91
81 186
3 44
192 48
124 108
136 188
60 126
140 88
69 79
90 105
158 149
103 32
185 31
143 62
164 35
45 2
43 161
163 97
10 173
40 135
133 36
137 147
17 146
170 141
154 120
100 93
11 172
162 150
78 119
14 98
111 27
24 129
85 53
87 117
22 4
113 139
9 151
61 121
12 21
165 55
148 116
28 76
46 66
73 174
123 49
42 182
155 104
171 199
131 179
115 56
196 118
63 16
18 38
74 110
15 183
152 8
144 5
6 70
189 193
195 92
57 80
54 153
160 65
177 33
190 41
184 112
59 181
258 336
336 346
346 274
274 327
327 280
280 385
385 224
224 368
368 223
223 328
328 359
359 202
202 243
243 264
264 239
239 334
334 383
383 283
283 337
337 388
388 392
392 262
262 272
272 373
373 215
215 326
326 306
306 351
351 241
241 381
381 207
207 329
329 293
293 286
286 316
316 322
322 356
356 396
396 248
248 260
