97 48
145 144
49 193
182 16
26 1
23 74
22 159
191 96
165 99
90 127
65 123
5 70
94 2
50 54
169 89
128 141
40 76
72 170
79 186
112 21
179 58
108 55
129 24
132 82
124 200
56 100
27 53
34 93
162 59
44 171
14 101
189 172
25 62
92 139
57 192
146 7
117 30
85 15
166 13
153 87
154 181
180 136
121 83
102 4
46 71
3 150
33 37
130 114
194 104
12 111
19 155
78 109
119 188
147 52
110 149
31 9
174 105
137 39
197 77
183 187
8 164
152 177
140 86
143 60
131 116
47 158
175 98
63 81
73 64
173 18
106 91
122 142
199 160
184 32
84 11
185 29
66 161
36 115
134 28
107 196
51 17
20 190
95 151
126 178
157 68
61 45
163 148
195 125
138 88
75 6
69 103
168 43
80 67
35 118
156 41
198 167
10 113
42 133
135 38
176 120
305 328
328 223
223 290
290 346
346 251
251 334
334 241
241 332
332 235
235 396
396 345
345 206
206 276
276 378
378 257
257 284
284 214
214 320
320 282
282 314
314 202
202 221
221 358
358 349
349 204
204 381
381 215
215 222
222 273
273 269
269 342
342 259
259 274
274 294
294 350
350 362
362 347
347 205
205 272
272 301
