39 30
39 39
66 185
54 139
54 54
63 192
108 82
108 108
134 181
155 5
155 155
73 197
125 196
125 125
174 12
40 92
40 40
65 153
37 117
37 37
75 128
164 113
164 164
89 41
116 101
116 116
70 43
149 178
149 149
8 56
58 38
58 58
190 50
14 42
14 14
161 49
57 62
57 57
144 109
35 29
35 35
142 183
138 120
138 138
10 151
173 77
173 173
22 172
162 143
162 162
104 121
20 98
1 147
80 122
131 81
2 67
159 146
166 64
168 145
85 32
163 60
123 46
170 4
24 133
55 84
7 136
119 23
165 154
103 157
48 6
152 78
102 94
72 28
112 47
3 51
115 187
16 83
107 167
132 126
140 69
9 127
15 184
191 27
18 79
176 200
44 124
193 100
156 105
198 33
199 169
59 150
195 45
21 17
158 61
188 141
87 135
11 90
19 148
52 26
130 25
